0.0700947
0.0842393
0.0913825
0.0996118
0.109829
0.119777
0.121222
0.116206
0.105571
0.0937809
0.0798828
0.0676603
0.0613165
0.0643883
0.0735751
0.0840356
0.0895904
0.0891394
0.0808737
0.0699042
0.0609337
0.0601129
0.0694197
0.086573
0.10627
0.118282
0.119218
0.110733
0.10341
0.0998089
0.100144
0.100726
0.103953
0.10841
0.109021
0.101376
0.0901702
0.0870496
0.0953495
0.107009
0.108844
0.09934
0.088104
0.0847545
0.0901013
0.0956118
0.0964085
0.0917056
0.0884084
0.0923601
0.105249
0.120662
0.128913
0.128198
0.122993
0.120285
0.117052
0.111494
0.102385
0.0967287
0.0933542
0.0885357
0.0748959
0.0545467
0.0359052
0.0289552
0.0378447
0.0578435
0.0823988
0.105464
0.124111
0.135629
0.140319
0.145791
0.159677
0.18415
0.209221
0.225411
0.227362
0.215706
0.191073
0.155289
0.11168
0.0645976
0.0146992
-0.0365745
-0.0886043
-0.13588
-0.174595
-0.198577
-0.20229
-0.180186
-0.128478
-0.0490535
0.0555844
0.180566
0.32506
0.485644
0.656613
0.815221
0.93159
0.965005
0.906587
0.761761
0.569527
0.34586
0.109696
-0.139195
-0.38288
-0.606789
-0.794554
-0.937084
-1.02871
-1.05184
-0.989299
-0.823578
-0.56903
-0.250817
0.0966376
0.45151
0.784383
1.06071
1.25368
1.34179
1.32714
1.21336
1.04416
0.84649
0.63843
0.398604
0.132355
-0.134615
-0.35788
-0.519147
-0.614267
-0.651614
-0.632194
-0.563212
-0.452717
-0.315818
-0.167227
-0.0189652
0.119983
0.246367
0.35338
0.433179
0.474907
0.474596
0.437621
0.376738
0.307514
0.240577
0.181949
0.132436
0.0941696
0.0681891
0.0551315
0.0503665
0.0503116
0.0529926
0.0593509
0.0671338
0.0721208
0.0720055
0.0704665
0.0732933
0.0826173
0.0959763
0.107905
0.115885
0.117304
0.113014
0.102335
0.087624
0.0705841
0.0559918
0.0479647
0.0509277
0.0621617
0.0776841
0.0880592
0.0921934
0.0887135
0.0853971
0.0850276
0.0922874
0.103579
0.115574
0.122729
0.123496
0.121067
0.117321
0.117598
0.118126
0.121993
0.124043
0.128941
0.133165
0.136586
0.130488
0.11305
0.0889767
0.0721898
0.0695467
0.0794447
0.0917885
0.103148
0.109501
0.110808
0.101911
0.0866106
0.0686547
0.0568217
0.0516145
0.0532752
0.0588184
0.0685387
0.0819824
0.0967058
0.110539
0.121333
0.1305
0.13626
0.137323
0.132766
0.126709
0.12269
0.120786
0.117639
0.112128
0.105791
0.10017
0.0957537
0.0906727
0.0828916
0.0662141
0.037881
